2.000000000000000000e+00 2.241880851760401565e-06
4.202020202020202433e+00 4.713251156694812339e-06
6.404040404040403978e+00 7.191077146863326856e-06
8.606060606060605522e+00 9.678721633167212976e-06
1.080808080808080796e+01 1.217953695841002879e-05
1.301010101010101039e+01 1.469687082139428260e-05
1.521212121212121104e+01 1.723407375882461090e-05
1.741414141414141170e+01 1.979450773606486247e-05
1.961616161616161591e+01 2.238155553035152585e-05
2.181818181818181657e+01 2.499863071884003696e-05
2.402020202020202078e+01 2.764918816301659322e-05
2.622222222222222143e+01 3.033673493310240458e-05
2.842424242424242209e+01 3.306484165216885823e-05
3.062626262626262630e+01 3.583715426581458239e-05
3.282828282828282340e+01 3.865740626300403164e-05
3.503030303030303116e+01 4.152943138927721382e-05
3.723232323232323182e+01 4.445717690649293171e-05
3.943434343434343248e+01 4.744471746458582469e-05
4.163636363636363313e+01 5.049626966123064753e-05
4.383838383838384090e+01 5.361620737536611583e-05
4.604040404040404155e+01 5.680907797066295738e-05
4.824242424242424221e+01 6.007961947558137833e-05
5.044444444444444287e+01 6.343277885795805279e-05
5.264646464646464352e+01 6.687373152437630643e-05
5.484848484848484418e+01 7.040790218817749623e-05
5.705050505050505194e+01 7.404098726514569604e-05
5.925252525252525260e+01 7.777897897293480816e-05
6.145454545454545325e+01 8.162819132952512475e-05
6.365656565656565391e+01 8.559528826774995801e-05
6.585858585858585457e+01 8.968731410762075635e-05
6.806060606060606233e+01 9.391172665626029920e-05
7.026262626262625588e+01 9.827643323724975105e-05
7.246464646464646364e+01 1.027898299877229402e-04
7.466666666666667140e+01 1.074608448033048306e-04
7.686868686868686495e+01 1.122989843588286348e-04
7.907070707070707272e+01 1.173143856876512724e-04
8.127272727272726627e+01 1.225178728654686446e-04
8.347474747474747403e+01 1.279210194171785013e-04
8.567676767676768179e+01 1.335362171491438982e-04
8.787878787878787534e+01 1.393767522061051039e-04
9.008080808080808310e+01 1.454568892642287936e-04
9.228282828282827666e+01 1.517919649021032562e-04
9.448484848484848442e+01 1.583984913431362861e-04
9.668686868686869218e+01 1.652942719396899979e-04
9.888888888888888573e+01 1.724985299761154977e-04
1.010909090909090935e+02 1.800320526102974121e-04
1.032929292929292870e+02 1.879173520582890259e-04
1.054949494949494948e+02 1.961788464624866692e-04
1.076969696969696884e+02 2.048430632807695306e-04
1.098989898989898961e+02 2.139388685046410591e-04
1.121010101010101039e+02 2.234977255740159001e-04
1.143030303030302974e+02 2.335539885238560923e-04
1.165050505050505052e+02 2.441452346968503071e-04
1.187070707070706987e+02 2.553126433159104685e-04
1.209090909090909065e+02 2.671014273668635805e-04
1.231111111111111143e+02 2.795613276409772852e-04
1.253131313131313078e+02 2.927471794864036528e-04
1.275151515151515156e+02 3.067195648899816358e-04
1.297171717171717091e+02 3.215455650486610307e-04
1.319191919191919169e+02 3.372996317113348234e-04
1.341212121212121247e+02 3.540645994290763797e-04
1.363232323232323324e+02 3.719328656410528732e-04
1.385252525252525118e+02 3.910077714999960689e-04
1.407272727272727195e+02 4.114052238389237373e-04
1.429292929292929273e+02 4.332556081392658991e-04
1.451313131313131350e+02 4.567060543620491244e-04
1.473333333333333428e+02 4.819231328255591321e-04
1.495353535353535221e+02 5.090960770001290436e-04
1.517373737373737299e+02 5.384406555597314467e-04
1.539393939393939377e+02 5.702038492165700323e-04
1.561414141414141454e+02 6.046695314371896722e-04
1.583434343434343532e+02 6.421654098095633343e-04
1.605454545454545325e+02 6.830715618173464898e-04
1.627474747474747403e+02 7.278310024878896327e-04
1.649494949494949481e+02 7.769628624509124096e-04
1.671515151515151558e+02 8.310789488283702167e-04
1.693535353535353636e+02 8.909047308114598305e-04
1.715555555555555429e+02 9.573061706826032496e-04
1.737575757575757507e+02 1.031324360735114219e-03
1.759595959595959584e+02 1.114220705936421266e-03
1.781616161616161662e+02 1.207536534647305751e-03
1.803636363636363740e+02 1.313172721730533447e-03
1.825656565656565533e+02 1.433497489169883576e-03
1.847676767676767611e+02 1.571494538903615845e-03
1.869696969696969688e+02 1.730969972295788107e-03
1.891717171717171766e+02 1.916846634143216498e-03
1.913737373737373844e+02 2.135591414834559550e-03
1.935757575757575637e+02 2.395849903836152865e-03
1.957777777777777715e+02 2.709413722573587261e-03
1.979797979797979792e+02 3.092739159983063420e-03
2.001818181818181870e+02 3.569414033647909032e-03
2.023838383838383947e+02 4.174327615867843948e-03
2.045858585858585741e+02 4.961059517079043080e-03
2.067878787878787818e+02 6.015736403676649226e-03
2.089898989898989896e+02 7.484893339676085278e-03
2.111919191919191974e+02 9.636639462634218056e-03
2.133939393939393767e+02 1.301126619785593699e-02
2.155959595959595845e+02 1.885526841879701238e-02
2.177979797979797922e+02 3.069915738740949807e-02
2.200000000000000000e+02 6.283816994038975146e-02
