2.000000000000000000e+00 1.813773093653708537e-05
2.486973947895791515e+00 2.255463883851214119e-05
2.973947895791583029e+00 2.697194186324087582e-05
3.460921843687374988e+00 3.138971743980277100e-05
3.947895791583166059e+00 3.580804302948073541e-05
4.434869739478958017e+00 4.022699613104670544e-05
4.921843687374749976e+00 4.464665428605282626e-05
5.408817635270541047e+00 4.906709508412901606e-05
5.895791583166332117e+00 5.348839616828791313e-05
6.382765531062124076e+00 5.791063524023763585e-05
6.869739478957916035e+00 6.233389006570346034e-05
7.356713426853707105e+00 6.675823847975909326e-05
7.843687374749499064e+00 7.118375839216845458e-05
8.330661322645291023e+00 7.561052779273851250e-05
8.817635270541082093e+00 8.003862475668430197e-05
9.304609218436873164e+00 8.446812745000687925e-05
9.791583166332664234e+00 8.889911413488470692e-05
1.027855711422845708e+01 9.333166317507982470e-05
1.076553106212424815e+01 9.776585304135896877e-05
1.125250501002003922e+01 1.022017623169314284e-04
1.173947895791583207e+01 1.066394697029032876e-04
1.222645290581162314e+01 1.110790540237498544e-04
1.271342685370741421e+01 1.155205942328066973e-04
1.320040080160320528e+01 1.199641694177800490e-04
1.368737474949899813e+01 1.244098588062779584e-04
1.417434869739478920e+01 1.288577417713622053e-04
1.466132264529058027e+01 1.333078978371225905e-04
1.514829659318637312e+01 1.377604066842742921e-04
1.563527054108216419e+01 1.422153481557786000e-04
1.612224448897795526e+01 1.466728022624891152e-04
1.660921843687374633e+01 1.511328491888228596e-04
1.709619238476953740e+01 1.555955692984582728e-04
1.758316633266532847e+01 1.600610431400606405e-04
1.807014028056112309e+01 1.645293514530356835e-04
1.855711422845691416e+01 1.690005751733123678e-04
1.904408817635270523e+01 1.734747954391562333e-04
1.953106212424849630e+01 1.779520935970134877e-04
2.001803607214428737e+01 1.824325512073872739e-04
2.050501002004007844e+01 1.869162500507468429e-04
2.099198396793586952e+01 1.914032721334711228e-04
2.147895791583166414e+01 1.958936996938265762e-04
2.196593186372745521e+01 2.003876152079811068e-04
2.245290581162324628e+01 2.048851013960557778e-04
2.293987975951903735e+01 2.093862412282131494e-04
2.342685370741482842e+01 2.138911179307850265e-04
2.391382765531061949e+01 2.183998149924408646e-04
2.440080160320641056e+01 2.229124161703956674e-04
2.488777555110220518e+01 2.274290054966615236e-04
2.537474949899799626e+01 2.319496672843408857e-04
2.586172344689378733e+01 2.364744861339647885e-04
2.634869739478957840e+01 2.410035469398759812e-04
2.683567134268536947e+01 2.455369348966583818e-04
2.732264529058116054e+01 2.500747355056140734e-04
2.780961923847695161e+01 2.546170345812884131e-04
2.829659318637274623e+01 2.591639182580457446e-04
2.878356713426853730e+01 2.637154729966946325e-04
2.927054108216432837e+01 2.682717855911660059e-04
2.975751503006011944e+01 2.728329431752444276e-04
3.024448897795591051e+01 2.773990332293530849e-04
3.073146292585170158e+01 2.819701435873947265e-04
3.121843687374749265e+01 2.865463624436494650e-04
3.170541082164328728e+01 2.911277783597304215e-04
3.219238476953907480e+01 2.957144802715985137e-04
3.267935871743486587e+01 3.003065574966376884e-04
3.316633266533065694e+01 3.049040997407928750e-04
3.365330661322644801e+01 3.095071971057694669e-04
3.414028056112224618e+01 3.141159400962987235e-04
3.462725450901803725e+01 3.187304196274681149e-04
3.511422845691382832e+01 3.233507270321191586e-04
3.560120240480961940e+01 3.279769540683136154e-04
3.608817635270541047e+01 3.326091929268697785e-04
3.657515030060120154e+01 3.372475362389703202e-04
3.706212424849699261e+01 3.418920770838418583e-04
3.754909819639278368e+01 3.465429089965106884e-04
3.803607214428857475e+01 3.512001259756323494e-04
3.852304609218436582e+01 3.558638224913999028e-04
3.901002004008015689e+01 3.605340934935300033e-04
3.949699398797594796e+01 3.652110344193299591e-04
3.998396793587173903e+01 3.698947412018465958e-04
4.047094188376753721e+01 3.745853102780986031e-04
4.095791583166332828e+01 3.792828385973937748e-04
4.144488977955911935e+01 3.839874236297340158e-04
4.193186372745491042e+01 3.886991633743075718e-04
4.241883767535070149e+01 3.934181563680729291e-04
4.290581162324649256e+01 3.981445016944330827e-04
4.339278557114228363e+01 4.028782989920052680e-04
4.387975951903807470e+01 4.076196484634848557e-04
4.436673346693386577e+01 4.123686508846073672e-04
4.485370741482965684e+01 4.171254076132094226e-04
4.534068136272544791e+01 4.218900205983911714e-04
4.582765531062123898e+01 4.266625923897810163e-04
4.631462925851703005e+01 4.314432261469059392e-04
4.680160320641282112e+01 4.362320256486693255e-04
4.728857715430861930e+01 4.410290953029359618e-04
4.777555110220441037e+01 4.458345401562302784e-04
4.826252505010020144e+01 4.506484659035462650e-04
4.874949899799599251e+01 4.554709788982725825e-04
4.923647294589178358e+01 4.603021861622370457e-04
4.972344689378757465e+01 4.651421953958678746e-04
5.021042084168336572e+01 4.699911149884791403e-04
5.069739478957915679e+01 4.748490540286791069e-04
5.118436873747494786e+01 4.797161223149054229e-04
5.167134268537073893e+01 4.845924303660899312e-04
5.215831663326653000e+01 4.894780894324525511e-04
5.264529058116232108e+01 4.943732115064320429e-04
5.313226452905811215e+01 4.992779093337499112e-04
5.361923847695390322e+01 5.041922964246147668e-04
5.410621242484970139e+01 5.091164870650681778e-04
5.459318637274549246e+01 5.140505963284728750e-04
5.508016032064128353e+01 5.189947400871494946e-04
5.556713426853707460e+01 5.239490350241618553e-04
5.605410821643286567e+01 5.289135986452534821e-04
5.654108216432865675e+01 5.338885492909414485e-04
5.702805611222444782e+01 5.388740061487655832e-04
5.751503006012023889e+01 5.438700892657002007e-04
5.800200400801602996e+01 5.488769195607286775e-04
5.848897795591182103e+01 5.538946188375865141e-04
5.897595190380761210e+01 5.589233097976716892e-04
5.946292585170340317e+01 5.639631160531308716e-04
5.994989979959919424e+01 5.690141621401208390e-04
6.043687374749498531e+01 5.740765735322496573e-04
6.092384769539078349e+01 5.791504766542013077e-04
6.141082164328657456e+01 5.842359988955461454e-04
6.189779559118236563e+01 5.893332686247429366e-04
6.238476953907815670e+01 5.944424152033323666e-04
6.287174348697394777e+01 5.995635690003298232e-04
6.335871743486973884e+01 6.046968614068176737e-04
6.384569138276552991e+01 6.098424248507432156e-04
6.433266533066131387e+01 6.150003928119247929e-04
6.481963927855710494e+01 6.201708998372708510e-04
6.530661322645289601e+01 6.253540815562143133e-04
6.579358717434868709e+01 6.305500746963701953e-04
6.628056112224449237e+01 6.357590170994154802e-04
6.676753507014028344e+01 6.409810477371986285e-04
6.725450901803607451e+01 6.462163067280851181e-04
6.774148296593186558e+01 6.514649353535365223e-04
6.822845691382765665e+01 6.567270760749364597e-04
6.871543086172344772e+01 6.620028725506600566e-04
6.920240480961923879e+01 6.672924696533977630e-04
6.968937875751502986e+01 6.725960134877355823e-04
7.017635270541082093e+01 6.779136514079941002e-04
7.066332665330661200e+01 6.832455320363381305e-04
7.115030060120240307e+01 6.885918052811558932e-04
7.163727454909819414e+01 6.939526223557147735e-04
7.212424849699398521e+01 6.993281357971013572e-04
7.261122244488977628e+01 7.047184994854473715e-04
7.309819639278556735e+01 7.101238686634500944e-04
7.358517034068135843e+01 7.155443999561917874e-04
7.407214428857714950e+01 7.209802513912644392e-04
7.455911823647294057e+01 7.264315824192030735e-04
7.504609218436873164e+01 7.318985539342405229e-04
7.553306613226452271e+01 7.373813282953805247e-04
7.602004008016031378e+01 7.428800693478049668e-04
7.650701402805610485e+01 7.483949424446124672e-04
7.699398797595189592e+01 7.539261144689040055e-04
7.748096192384768699e+01 7.594737538562153917e-04
7.796793587174347806e+01 7.650380306173061107e-04
7.845490981963928334e+01 7.706191163613139786e-04
7.894188376753507441e+01 7.762171843192776670e-04
7.942885771543086548e+01 7.818324093680390245e-04
7.991583166332665655e+01 7.874649680545302895e-04
8.040280561122244762e+01 7.931150386204555191e-04
8.088977955911823869e+01 7.987828010273725216e-04
8.137675350701402976e+01 8.044684369821848355e-04
8.186372745490982084e+01 8.101721299630509085e-04
8.235070140280561191e+01 8.158940652457189347e-04
8.283767535070140298e+01 8.216344299302986249e-04
8.332464929859719405e+01 8.273934129684733805e-04
8.381162324649298512e+01 8.331712051911682650e-04
8.429859719438877619e+01 8.389679993366776787e-04
8.478557114228456726e+01 8.447839900792650930e-04
8.527254509018035833e+01 8.506193740582447147e-04
8.575951903807614940e+01 8.564743499075530998e-04
8.624649298597194047e+01 8.623491182858221025e-04
8.673346693386773154e+01 8.682438819069638941e-04
8.722044088176352261e+01 8.741588455712780235e-04
8.770741482965931368e+01 8.800942161970907139e-04
8.819438877755510475e+01 8.860502028529394043e-04
8.868136272545089582e+01 8.920270167903118601e-04
8.916833667334668689e+01 8.980248714769548156e-04
8.965531062124247796e+01 9.040439826307575689e-04
9.014228456913826903e+01 9.100845682542314536e-04
9.062925851703406011e+01 9.161468486695907186e-04
9.111623246492985118e+01 9.222310465544506430e-04
9.160320641282564225e+01 9.283373869781565493e-04
9.209018036072144753e+01 9.344660974387546636e-04
9.257715430861723860e+01 9.406174079006213032e-04
9.306412825651302967e+01 9.467915508327629697e-04
9.355110220440882074e+01 9.529887612478025235e-04
9.403807615230461181e+01 9.592092767416645618e-04
9.452505010020040288e+01 9.654533375339798386e-04
9.501202404809619395e+01 9.717211865092158837e-04
9.549899799599198502e+01 9.780130692585604912e-04
9.598597194388777609e+01 9.843292341225652348e-04
9.647294589178356716e+01 9.906699322345697157e-04
9.695991983967935823e+01 9.970354175649247599e-04
9.744689378757514930e+01 1.003425946966030611e-03
9.793386773547094037e+01 1.009841780218205835e-03
9.842084168336673144e+01 1.016283180076412536e-03
9.890781563126252252e+01 1.022750412317846753e-03
9.939478957915831359e+01 1.029243745790424424e-03
9.988176352705410466e+01 1.035763452462173072e-03
1.003687374749498957e+02 1.042309807471557444e-03
1.008557114228456868e+02 1.048883089178754028e-03
1.013426853707414779e+02 1.055483579217900278e-03
1.018296593186372689e+02 1.062111562550339342e-03
1.023166332665330600e+02 1.068767327518881354e-03
1.028036072144288511e+02 1.075451165903106845e-03
1.032905811623246422e+02 1.082163372975735068e-03
1.037775551102204332e+02 1.088904247560081723e-03
1.042645290581162243e+02 1.095674092088630815e-03
1.047515030060120154e+02 1.102473212662749037e-03
1.052384769539078064e+02 1.109301919113563940e-03
1.057254509018035975e+02 1.116160525064040579e-03
1.062124248496994028e+02 1.123049347992275500e-03
1.066993987975951939e+02 1.129968709296043849e-03
1.071863727454909849e+02 1.136918934358629096e-03
1.076733466933867760e+02 1.143900352615959863e-03
1.081603206412825671e+02 1.150913297625088790e-03
1.086472945891783581e+02 1.157958107134047024e-03
1.091342685370741492e+02 1.165035123153102762e-03
1.096212424849699403e+02 1.172144692027461558e-03
1.101082164328657313e+02 1.179287164511439194e-03
1.105951903807615224e+02 1.186462895844147452e-03
1.110821643286573135e+02 1.193672245826725951e-03
1.115691382765531046e+02 1.200915578901153458e-03
1.120561122244488956e+02 1.208193264230692432e-03
1.125430861723446867e+02 1.215505675781985463e-03
1.130300601202404778e+02 1.222853192408860853e-03
1.135170340681362688e+02 1.230236197937884836e-03
1.140040080160320599e+02 1.237655081255698616e-03
1.144909819639278510e+02 1.245110236398190530e-03
1.149779559118236421e+02 1.252602062641544958e-03
1.154649298597194331e+02 1.260130964595222855e-03
1.159519038076152242e+02 1.267697352296907713e-03
1.164388777555110153e+02 1.275301641309481600e-03
1.169258517034068063e+02 1.282944252820072874e-03
1.174128256513025974e+02 1.290625613741235240e-03
1.178997995991983885e+02 1.298346156814301263e-03
1.183867735470941795e+02 1.306106320714982586e-03
1.188737474949899706e+02 1.313906550161256931e-03
1.193607214428857617e+02 1.321747296023614762e-03
1.198476953907815670e+02 1.329629015437717434e-03
1.203346693386773580e+02 1.337552171919534480e-03
1.208216432865731491e+02 1.345517235483021821e-03
1.213086172344689402e+02 1.353524682760410755e-03
1.217955911823647313e+02 1.361574997125171221e-03
1.222825651302605223e+02 1.369668668817723960e-03
1.227695390781563134e+02 1.377806195073973117e-03
1.232565130260521045e+02 1.385988080256734308e-03
1.237434869739478955e+02 1.394214835990133195e-03
1.242304609218436866e+02 1.402486981297058899e-03
1.247174348697394777e+02 1.410805042739749241e-03
1.252044088176352687e+02 1.419169554563595205e-03
1.256913827655310598e+02 1.427581058844250902e-03
1.261783567134268509e+02 1.436040105638139485e-03
1.266653306613226420e+02 1.444547253136448236e-03
1.271523046092184330e+02 1.453103067822704778e-03
1.276392785571142241e+02 1.461708124634040215e-03
1.281262525050100294e+02 1.470363007126234637e-03
1.286132264529057920e+02 1.479068307642648168e-03
1.291002004008016115e+02 1.487824627487161410e-03
1.295871743486973742e+02 1.496632577101209395e-03
1.300741482965931937e+02 1.505492776245058017e-03
1.305611222444889847e+02 1.514405854183410336e-03
1.310480961923847758e+02 1.523372449875490644e-03
1.315350701402805669e+02 1.532393212169719894e-03
1.320220440881763579e+02 1.541468800003112849e-03
1.325090180360721490e+02 1.550599882605548270e-03
1.329959919839679401e+02 1.559787139709028179e-03
1.334829659318637312e+02 1.569031261762091848e-03
1.339699398797595222e+02 1.578332950149523078e-03
1.344569138276553133e+02 1.587692917417511240e-03
1.349438877755511044e+02 1.597111887504417630e-03
1.354308617234468954e+02 1.606590595977324537e-03
1.359178356713426865e+02 1.616129790274524643e-03
1.364048096192384776e+02 1.625730229954138991e-03
1.368917835671342687e+02 1.635392686949039371e-03
1.373787575150300597e+02 1.645117945828262476e-03
1.378657314629258508e+02 1.654906804065122685e-03
1.383527054108216419e+02 1.664760072312210411e-03
1.388396793587174329e+02 1.674678574683494776e-03
1.393266533066132240e+02 1.684663149043749654e-03
1.398136272545090151e+02 1.694714647305516639e-03
1.403006012024048061e+02 1.704833935733850430e-03
1.407875751503005972e+02 1.715021895259076024e-03
1.412745490981963883e+02 1.725279421797812091e-03
1.417615230460921794e+02 1.735607426582520081e-03
1.422484969939879704e+02 1.746006836499842734e-03
1.427354709418837615e+02 1.756478594438009785e-03
1.432224448897795526e+02 1.767023659643599887e-03
1.437094188376753436e+02 1.777643008087955844e-03
1.441963927855711347e+02 1.788337632843558676e-03
1.446833667334669258e+02 1.799108544470683167e-03
1.451703406813627169e+02 1.809956771414670575e-03
1.456573146292585079e+02 1.820883360414149834e-03
1.461442885771542990e+02 1.831889376920580207e-03
1.466312625250500901e+02 1.842975905529473405e-03
1.471182364729458811e+02 1.854144050423686772e-03
1.476052104208416722e+02 1.865394935829183280e-03
1.480921843687374633e+02 1.876729706483669900e-03
1.485791583166332543e+02 1.888149528118554955e-03
1.490661322645290454e+02 1.899655587954655325e-03
1.495531062124248365e+02 1.911249095212133381e-03
1.500400801603206276e+02 1.922931281635130701e-03
1.505270541082164186e+02 1.934703402031614670e-03
1.510140280561122097e+02 1.946566734828945357e-03
1.515010020040080008e+02 1.958522582645708457e-03
1.519879759519037918e+02 1.970572272880383082e-03
1.524749498997995829e+02 1.982717158317417495e-03
1.529619238476953740e+02 1.994958617751331226e-03
1.534488977955911650e+02 2.007298056629471753e-03
1.539358717434869561e+02 2.019736907714086462e-03
1.544228456913827756e+02 2.032276631764395967e-03
1.549098196392785667e+02 2.044918718239374395e-03
1.553967935871743578e+02 2.057664686021999038e-03
1.558837675350701488e+02 2.070516084165723112e-03
1.563707414829659399e+02 2.083474492663978713e-03
1.568577154308617310e+02 2.096541523243572111e-03
1.573446893787575220e+02 2.109718820182820108e-03
1.578316633266533131e+02 2.123008061155352930e-03
1.583186372745491042e+02 2.136410958100533851e-03
1.588056112224448952e+02 2.149929258121486501e-03
1.592925851703406863e+02 2.163564744411758129e-03
1.597795591182364774e+02 2.177319237211710820e-03
1.602665330661322685e+02 2.191194594795759128e-03
1.607535070140280595e+02 2.205192714491622900e-03
1.612404809619238506e+02 2.219315533732836489e-03
1.617274549098196417e+02 2.233565031145789796e-03
1.622144288577154327e+02 2.247943227672631692e-03
1.627014028056112238e+02 2.262452187731450477e-03
1.631883767535070149e+02 2.277094020415182905e-03
1.636753507014028060e+02 2.291870880730770971e-03
1.641623246492985970e+02 2.306784970880187101e-03
1.646492985971943881e+02 2.321838541584975765e-03
1.651362725450901792e+02 2.337033893456076129e-03
1.656232464929859702e+02 2.352373378410734222e-03
1.661102204408817613e+02 2.367859401138444446e-03
1.665971943887775524e+02 2.383494420617904546e-03
1.670841683366733434e+02 2.399280951687083902e-03
1.675711422845691345e+02 2.415221566668621696e-03
1.680581162324649256e+02 2.431318897052831777e-03
1.685450901803607167e+02 2.447575635240747168e-03
1.690320641282565077e+02 2.463994536349735625e-03
1.695190380761522988e+02 2.480578420084321705e-03
1.700060120240480899e+02 2.497330172675027785e-03
1.704929859719438809e+02 2.514252748888136206e-03
1.709799599198396720e+02 2.531349174109440419e-03
1.714669338677354631e+02 2.548622546505218203e-03
1.719539078156312542e+02 2.566076039263798843e-03
1.724408817635270452e+02 2.583712902921284776e-03
1.729278557114228363e+02 2.601536467775153027e-03
1.734148296593186274e+02 2.619550146389671656e-03
1.739018036072144184e+02 2.637757436197265496e-03
1.743887775551102095e+02 2.656161922200159318e-03
1.748757515030060006e+02 2.674767279776883288e-03
1.753627254509017916e+02 2.693577277598452856e-03
1.758496993987975827e+02 2.712595780659278477e-03
1.763366733466933738e+02 2.731826753428169378e-03
1.768236472945891649e+02 2.751274263125020637e-03
1.773106212424849559e+02 2.770942483129157537e-03
1.777975951903807470e+02 2.790835696525555305e-03
1.782845691382765381e+02 2.810958299795557856e-03
1.787715430861723291e+02 2.831314806659038751e-03
1.792585170340681202e+02 2.851909852075377397e-03
1.797454909819639113e+02 2.872748196411001233e-03
1.802324649298597024e+02 2.893834729781701292e-03
1.807194388777554934e+02 2.915174476578392612e-03
1.812064128256512845e+02 2.936772600185490103e-03
1.816933867735470756e+02 2.958634407901602602e-03
1.821803607214428951e+02 2.980765356072804292e-03
1.826673346693386861e+02 3.003171055449340657e-03
1.831543086172344772e+02 3.025857276777322268e-03
1.836412825651302683e+02 3.048829956637539446e-03
1.841282565130260593e+02 3.072095203544378348e-03
1.846152304609218504e+02 3.095659304318533218e-03
1.851022044088176415e+02 3.119528730748051364e-03
1.855891783567134325e+02 3.143710146553181130e-03
1.860761523046092236e+02 3.168210414671403415e-03
1.865631262525050147e+02 3.193036604880070736e-03
1.870501002004008058e+02 3.218196001775210612e-03
1.875370741482965968e+02 3.243696113126147678e-03
1.880240480961923879e+02 3.269544678626953773e-03
1.885110220440881790e+02 3.295749679067005045e-03
1.889979959919839700e+02 3.322319345944443891e-03
1.894849699398797611e+02 3.349262171547880487e-03
1.899719438877755522e+02 3.376586919533309736e-03
1.904589178356713433e+02 3.404302636025107690e-03
1.909458917835671343e+02 3.432418661271838950e-03
1.914328657314629254e+02 3.460944641889712910e-03
1.919198396793587165e+02 3.489890543728830889e-03
1.924068136272545075e+02 3.519266665399719326e-03
1.928937875751502986e+02 3.549083652500329995e-03
1.933807615230460897e+02 3.579352512586466816e-03
1.938677354709418807e+02 3.610084630931704400e-03
1.943547094188376718e+02 3.641291787126128658e-03
1.948416833667334629e+02 3.672986172566821989e-03
1.953286573146292540e+02 3.705180408896890931e-03
1.958156312625250450e+02 3.737887567454015701e-03
1.963026052104208361e+02 3.771121189794051677e-03
1.967895791583166272e+02 3.804895309360141649e-03
1.972765531062124182e+02 3.839224474373175745e-03
1.977635270541082093e+02 3.874123772025215608e-03
1.982505010020040004e+02 3.909608854063858011e-03
1.987374749498997915e+02 3.945695963862401283e-03
1.992244488977955825e+02 3.982401965078172755e-03
1.997114228456913736e+02 4.019744372009558149e-03
2.001983967935871647e+02 4.057741381771212859e-03
2.006853707414829557e+02 4.096411908416673804e-03
2.011723446893787468e+02 4.135775619148251286e-03
2.016593186372745379e+02 4.175852972765757565e-03
2.021462925851703289e+02 4.216665260518372149e-03
2.026332665330661200e+02 4.258234649538003742e-03
2.031202404809619111e+02 4.300584229047772593e-03
2.036072144288577022e+02 4.343738059556241649e-03
2.040941883767534932e+02 4.387721225266453737e-03
2.045811623246492843e+02 4.432559889949358109e-03
2.050681362725450754e+02 4.478281356553635330e-03
2.055551102204408664e+02 4.524914130848808891e-03
2.060420841683366575e+02 4.572487989425865103e-03
2.065290581162324486e+02 4.621034052410028133e-03
2.070160320641282397e+02 4.670584861273695786e-03
2.075030060120240307e+02 4.721174462174895434e-03
2.079899799599198218e+02 4.772838495287666516e-03
2.084769539078156129e+02 4.825614290636742743e-03
2.089639278557114039e+02 4.879540970999707641e-03
2.094509018036071950e+02 4.934659562496627495e-03
2.099378757515030145e+02 4.991013113550418073e-03
2.104248496993988056e+02 5.048646822971803068e-03
2.109118236472945966e+02 5.107608178001910547e-03
2.113987975951903877e+02 5.167947103233831198e-03
2.118857715430861788e+02 5.229716121433976295e-03
2.123727454909819699e+02 5.292970527395456440e-03
2.128597194388777609e+02 5.357768576081190295e-03
2.133466933867735520e+02 5.424171686456000750e-03
2.138336673346693431e+02 5.492244662566386597e-03
2.143206412825651341e+02 5.562055933607306692e-03
2.148076152304609252e+02 5.633677814919820989e-03
2.152945891783567163e+02 5.707186792095229194e-03
2.157815631262525073e+02 5.782663830625427333e-03
2.162685370741482984e+02 5.860194713839453687e-03
2.167555110220440895e+02 5.939870412209221490e-03
2.172424849699398806e+02 6.021787487499671507e-03
2.177294589178356716e+02 6.106048535687906564e-03
2.182164328657314627e+02 6.192762673092282524e-03
2.187034068136272538e+02 6.282046070746471512e-03
2.191903807615230448e+02 6.374022542739215570e-03
2.196773547094188359e+02 6.468824195033287018e-03
2.201643286573146270e+02 6.566592142196389648e-03
2.206513026052104181e+02 6.667477300545144106e-03
2.211382765531062091e+02 6.771641267448287593e-03
2.216252505010020002e+02 6.879257297990281489e-03
2.221122244488977913e+02 6.990511391901453597e-03
2.225991983967935823e+02 7.105603505664572980e-03
2.230861723446893734e+02 7.224748907070518110e-03
2.235731462925851645e+02 7.348179692289173726e-03
2.240601202404809555e+02 7.476146488837019828e-03
2.245470941883767466e+02 7.608920371769710422e-03
2.250340681362725377e+02 7.746795025143694315e-03
2.255210420841683288e+02 7.890089186447034331e-03
2.260080160320641198e+02 8.039149418508291164e-03
2.264949899799599109e+02 8.194353261623651269e-03
2.269819639278557020e+02 8.356112828633945055e-03
2.274689378757514930e+02 8.524878917865500241e-03
2.279559118236472841e+02 8.701145733771746896e-03
2.284428857715430752e+02 8.885456323479286669e-03
2.289298597194388663e+02 9.078408860164919811e-03
2.294168336673346573e+02 9.280663932450307699e-03
2.299038076152304484e+02 9.492953034345642804e-03
2.303907815631262395e+02 9.716088494741920503e-03
2.308777555110220305e+02 9.950975141744620306e-03
2.313647294589178216e+02 1.019862406887645304e-02
2.318517034068136127e+02 1.046016896222464604e-02
2.323386773547094037e+02 1.073688556659260600e-02
2.328256513026051948e+02 1.103021502372777789e-02
2.333126252505009859e+02 1.134179201932423303e-02
2.337995991983967770e+02 1.167347894536782844e-02
2.342865731462925680e+02 1.202740764543896480e-02
2.347735470941883591e+02 1.240603079852527039e-02
2.352605210420841502e+02 1.281218566349635879e-02
2.357474949899799412e+02 1.324917382774010340e-02
2.362344689378757323e+02 1.372086189300053896e-02
2.367214428857715234e+02 1.423180986100362061e-02
2.372084168336673144e+02 1.478743661567523751e-02
2.376953907815631339e+02 1.539423575291255092e-02
2.381823647294589250e+02 1.606006074774415926e-02
2.386693386773547161e+02 1.679450716019500675e-02
2.391563126252505072e+02 1.760943308911749189e-02
2.396432865731462982e+02 1.851968052837635326e-02
2.401302605210420893e+02 1.954409523377451802e-02
2.406172344689378804e+02 2.070700139126868677e-02
2.411042084168336714e+02 2.204038924878466352e-02
2.415911823647294625e+02 2.358725761591414991e-02
2.420781563126252536e+02 2.540689949696704752e-02
2.425651302605210446e+02 2.758360657351094022e-02
2.430521042084168357e+02 3.024171869254848807e-02
2.435390781563126268e+02 3.357323911408593292e-02
2.440260521042084179e+02 3.789243375658172402e-02
2.445130260521042089e+02 4.375473750189484701e-02
2.450000000000000000e+02 5.225193654955265915e-02
